turn	amp	em	extr	sep1	sepall
86	52	6.53504509773e-08	98.522	4.35435740241	4.60810783378
98	115	8.99670502725e-08	98.3223223223	4.16802410816	4.31666395178
282	125	7.33355376126e-08	97.951758794	4.60281956044	4.83265272619
84	107	9.31842873749e-08	98.3046092184	4.07306233946	4.22799363966
94	91	8.38649826721e-08	98.3921993499	4.26356589147	4.41772374912
511	133	6.13515085534e-08	98.0065430752	4.78458251736	5.06943208118
70	127	1.08829143052e-07	98.4437367304	4.21204736127	4.41909116397
154	96	7.53725787057e-08	98.2831142568	4.30032303862	4.42583485937
123	54	6.18904473643e-08	98.4298688194	4.29754777331	4.53128844419
82	40	5.78852268474e-08	98.532	4.55689522186	4.80250071043
98	76	7.68330141544e-08	98.488	4.32743075299	4.50613272683
622	87	4.64469923166e-08	98.104	4.60123950094	4.87238033108
150	46	5.49247431522e-08	98.562248996	4.52693342026	4.75307635889
62	80	8.22505932623e-08	98.652173913	4.56148082856	4.73776994271
69	146	1.17049331977e-07	98.2987804878	4.10230961686	4.3194177367
94	37	5.62228648544e-08	98.52	4.49857896874	4.73000406009
77	131	1.06156752324e-07	98.362	4.13777678372	4.31060775503
84	6	3.60345703226e-08	98.6688596491	4.86742382148	5.12524170427
704	85	4.43520029525e-08	3.76161616162	4.18904403867	4.83351235231
108	85	7.35443751333e-08	1.18831822759	5.42372881356	5.76271186441
975	142	4.91344784176e-08	2.89134808853	5.56715379262	6.40222686152
355	33	4.04076676386e-08	11.2197580645	4.51033243486	4.8158131177
300	31	4.04802802944e-08	12.1291624622	4.37603993344	4.57570715474
83	118	9.69533382958e-08	14.9434447301	4.52434199209	4.7479786685
95	87	8.03211226472e-08	98.4943820225	4.1980378736	4.33493041296
1843	62	3.39442966108e-08	98.0215053763	4.59631417288	4.93637560333
148	24	4.65988631321e-08	98.6811751904	4.50776287932	4.75696894848
302	37	4.17832550902e-08	98.1354166667	4.58550047766	4.77656299756
248	67	5.50536154161e-08	98.3555555556	4.40578400362	4.58653411658
1841	43	3.32548619195e-08	98.1458333333	4.43642538739	4.7336022076
65	134	1.15294695567e-07	98.5803108808	4.12067696836	4.39398717544
130	102	7.98805481147e-08	98.09375	4.35382818307	4.46001911437
2463	81	3.52224972793e-08	98.0327868852	4.87179487179	5.21739130435
74	87	8.65544273054e-08	98.5502645503	4.52056265435	4.77826693869
726	116	5.00166941491e-08	97.9793814433	4.92424242424	5.20833333333
79	8	3.71371063548e-08	98.6486486486	4.89863013699	5.30410958904
1141	45	3.37589956025e-08	98.1967213115	4.61880912632	4.86366165832
73	33	5.29680860771e-08	98.59375	4.73322768093	5.01848917063
70	31	5.1416637485e-08	98.8571428571	4.75272960822	5.09526867908
189	90	6.76812806293e-08	98.0612244898	4.41207075963	4.63059313215
84	93	8.83073150218e-08	98.2	4.19123164326	4.4377746811
249	94	6.58859057574e-08	98.0207253886	4.57765091447	4.76794587166
62	129	1.12938851343e-07	98.5353535354	4.2132239877	4.39774474628
68	34	5.30120796438e-08	98.7934782609	4.81901199252	5.03905820222
112	9	3.89244467307e-08	98.6666666667	4.60304054054	4.93032094595
115	76	7.09874192158e-08	98.2430939227	4.22899561354	4.40895287369
397	94	5.61126738024e-08	98.152173913	4.51827242525	4.73975636766
3336	30	3.51974263163e-08	98.3468208092	4.92535558951	5.24274127189
133	114	8.61218988069e-08	98.2971428571	4.06929426811	4.22043948378
87	123	9.5920318305e-08	98.612716763	4.20867526377	4.32590855803
159	143	9.34701760134e-08	98.306010929	4.03557531962	4.2356864925
432	60	4.48697038678e-08	98.0685714286	4.1253933108	4.35846637921
1848	73	3.51487221217e-08	97.918128655	4.90922121357	5.26755852843
79	105	9.49088704779e-08	98.3687150838	4.00954111767	4.14584279873
73	88	8.8279800418e-08	98.6	4.57516339869	4.73292765382
147	100	7.79424508763e-08	98.2702702703	3.99339933993	4.20242024202
235	66	5.56773222976e-08	98.3548387097	4.53700666885	4.74472504646
110	52	6.31470894556e-08	98.5714285714	4.54849498328	4.78260869565
115	61	6.59247807155e-08	98.572972973	4.25531914894	4.41982890985
79	30	5.14005598564e-08	98.572972973	4.57337135337	4.84755428822
86	2	3.4298582956e-08	98.7325581395	4.80508773996	5.04063125662
70	32	5.28023345567e-08	98.9171270718	4.43476318141	4.62466487936
237	34	4.39818056352e-08	98.4114285714	4.33166879573	4.51747764487
63	12	3.83538455764e-08	98.6739130435	4.79180436219	5.10024234413
81	98	9.10051189686e-08	98.3913043478	4.05435262925	4.30844012373
85	47	6.239874923e-08	98.5730337079	4.83301037273	5.03818534139
89	136	1.00687369628e-07	98.1151832461	3.79935965848	3.95944503735
113	48	6.16059954434e-08	98.469273743	4.23238397821	4.56144332236
88	40	5.73648622986e-08	98.6666666667	5.14800514801	5.36250536251
129	60	6.34536122642e-08	98.3937823834	4.62348604529	4.73933649289
86	34	5.34742359972e-08	98.75	4.63797468354	4.87088607595
105	138	9.95096494473e-08	98.2110552764	3.8784281621	4.08309455587
254	128	7.79406762441e-08	97.97	4.49117076656	4.82800857405
63	91	8.96312757431e-08	98.57	4.42325251091	4.5754286294
103	142	1.01072915093e-07	98.2412060302	4.11253196931	4.31713554987
1574	12	3.2926854953e-08	98.3216080402	5.35623019524	5.54022283553
162	15	4.17659189065e-08	98.7	4.65045592705	4.93414387031
178	38	4.88139118683e-08	97.21	4.58800534924	4.7525974694
2503	6	3.3316263627e-08	95.4371859296	4.81255265375	5.08635214827
196	75	6.20831455361e-08	98.2914572864	4.1717791411	4.38650306748
64	114	1.04080277004e-07	98.351758794	4.15900265686	4.3429388923
78	124	1.0393742158e-07	98.35	4.31113370615	4.534824606
201	91	6.76104533183e-08	87.89	4.09602912732	4.1984298555
125	26	4.86092675897e-08	91.2	4.56140350877	4.81359649123
69	126	1.08343537765e-07	64.89	4.43828016644	4.68485128679
97	106	8.61923218034e-08	57.3165829146	4.4187269858	4.55900403297
247	137	8.17351316197e-08	39.39	3.7572988068	3.9350088855
146	128	8.73950924269e-08	12.68	3.47003154574	3.54889589905
76	128	1.04900455448e-07	60.432160804	4.17428904041	4.2907034758
133	59	6.21689899462e-08	26.2512562814	4.28790199081	4.51761102603
367	135	6.83208894879e-08	93.4974874372	4.36418359669	4.74040632054
149	62	6.08510384771e-08	89.06	4.43521221648	4.61486638221
483	140	6.4414812141e-08	98.04	4.55936352509	4.88576091391
92	76	7.68977146669e-08	77.7487437186	4.23991726991	4.56308169597
201	138	8.85647642861e-08	58.36	4.31802604524	4.47224126114
199	102	7.31967346338e-08	50.56	4.25237341772	4.43037974684
580	8	3.28525562427e-08	63.5	4.96062992126	5.25984251969
248	126	7.96293252123e-08	39.1	4.73145780051	5.16624040921
118	82	7.3006077386e-08	42.73	4.11888602855	4.21249707465
153	90	7.28849400079e-08	42.73	3.9784694594	4.23589983618
98	3	3.42210270384e-08	98.5	4.72081218274	4.93401015228
62	66	7.14281680365e-08	98.68	4.07377381435	4.31698419133
87	132	9.76700652566e-08	5.48	3.46715328467	3.83211678832
88	75	7.76235980758e-08	46.35	4.46601941748	4.63861920173
382	108	6.06481320051e-08	98.04	3.92696858425	4.18196654427
109	115	8.83823873434e-08	98.15	4.11614875191	4.36067244014
68	77	8.153764628e-08	31.06	5.05473277527	5.31229877656
131	61	6.32997621391e-08	98.5053763441	3.99519703089	4.14801877524
108	60	6.82022530208e-08	23.0378378378	5.06804317222	5.30267480056
250	81	5.98680554707e-08	70.670212766	4.96763510462	5.10311606202
178	13	4.08048144275e-08	24.5465838509	4.95951417004	5.31376518219
297	52	4.60380950823e-08	18.7243243243	4.6766743649	5.13856812933
69	125	1.07564318739e-07	42.7755102041	3.93606870229	4.22232824427
191	11	3.84134492986e-08	50.9574468085	4.90605427975	5.05219206681
74	76	8.10857676231e-08	79.74	4.30147980938	4.52721344369
62	55	6.36352066812e-08	20.469273743	3.71179039301	3.87554585153
69	90	8.83214741675e-08	19.5287958115	4.45040214477	4.61126005362
257	57	5.00558909554e-08	23.8395721925	4.26200089726	4.5311799013
125	87	7.24494638163e-08	28.841025641	4.08961593172	4.23186344239
107	129	9.42453007044e-08	18.441025641	4.06006674082	4.39377085651
1810	24	3.33335113009e-08	98.29	5.03611761115	5.37185878523
75	10	3.76129714179e-08	48.2311557789	5.1052302563	5.43863304855
140	75	6.75213368541e-08	44.97	4.51412052479	4.78096508784
108	13	4.1258223919e-08	49.93	5.22731824554	5.40757059884
4292	1_p10k	3.3766106523e-08	99.1666666667	5.52220888355	5.76230492197
4292	50_p10k	3.52256861464e-08	98.7931034483	4.79930191972	5.16579406632
4292	150_p10k	3.81223166724e-08	98.1639344262	5.13248719662	5.43308839902
123	1_p10k	3.37080932082e-08	98.9436619718	4.85409252669	5.19572953737
123	50_p10k	6.01699173487e-08	99.014084507	4.60881934566	4.7652916074
123	150_p10k	1.02767536001e-07	98.0612244898	4.12070759625	4.2767950052
61	1_p10k	3.41459201611e-08	99.0540540541	4.54297407913	4.81582537517
61	50_p10k	6.16227726113e-08	98.7058823529	4.73182359952	5.02979737783
61	150_p10k	1.23818378404e-07	98.4269662921	3.93835616438	4.15525114155
