TURNSPERDIOD	AMPLIDUDE	EPS EXTR	(LOSSES_ON_ZS)
75	1	2.948e-8	98.7
75	10	3.295e-8	98.8
75	100	8.221e-8	98.4
200	1	2.952e-8	98.8
200	10	3.329e-8	98.6
200	100	6.172e-8	98.1
500	1	2.922e-8	98.8
500	10	2.826e-8	98.7
500	100	4.641e-8	98.3
1000	1	2.864e-8	98.6
1000	10	2.814e-8	98.5
1000	100	3.640e-8	97.7
2000	1	2.907e-8	98.7
2000	10	2.939e-8	98.4
2000	100	3.109e-8	98.1
4000	1	2.956e-8	98.6
4000	10	2.934e-8	98.4
4000	100	3.195e-8	97.9
1000	50	3.004e-8	98.1
500	50	3.488e-8	98.2
250	50	4.165e-8	98.6
150	50	4.805e-8	98.4
100	50	5.551e-8	98.7
66	50	5.462e-8	98.8
66	75	6.882e-8	98.4
100	75	6.537e-8	98.3
150 75	5.698e-8	98.5
250 75	5.022e-8	98.3
500 75	4.076e-8	98.2
1000	75	 3.288e-8	98.1
120	25	4.257e-8	98.8
80	35	4.845e-8	98.6





